12 9 41 12 49 11 25 21 22 19 
9 37 31 40 15 23 44 0 23 35 
15 26 41 37 20 1 13 39 35 26 
24 43 21 34 8 28 22 17 43 10 
43 9 1 21 6 31 27 47 28 22 
24 49 30 44 49 36 36 14 35 49 
14 4 42 28 8 36 16 38 22 35 
34 43 21 13 42 2 29 35 20 22 
5 7 17 47 7 11 31 31 21 24 
47 2 30 12 39 48 14 34 3 24 
10 37 46 19 6 7 11 3 30 4 
2 21 26 5 35 4 10 9 38 17 
20 34 34 27 24 26 48 3 37 33 
0 18 42 42 17 41 28 6 37 10 
22 6 8 11 35 22 24 18 18 22 
11 34 5 36 30 0 23 48 45 40 
7 47 17 28 34 29 32 36 46 3 
16 28 30 13 10 1 31 34 47 22 
35 7 24 22 48 6 21 23 47 14 
20 31 29 36 29 42 8 28 13 42 
36 36 27 44 28 43 37 9 21 7 
11 46 32 41 31 35 37 27 14 0 
6 13 25 41 12 18 12 44 9 21 
17 34 40 1 40 0 30 47 4 16 
6 7 28 1 7 17 15 33 13 3 
37 46 44 42 40 8 8 45 16 36 
39 38 16 4 20 2 42 42 39 26 
17 33 2 39 12 43 30 33 31 5 
24 10 24 0 37 27 49 32 19 16 
35 25 36 29 27 22 43 39 42 2 
23 46 38 39 24 29 19 46 16 4 
18 0 23 25 0 34 20 22 6 1 
33 49 32 33 3 26 1 26 47 36 
36 39 49 37 4 18 5 45 18 17 
1 22 15 36 48 2 43 46 11 16 
0 37 21 15 40 49 29 33 31 29 
36 4 31 47 48 38 20 40 26 38 
35 33 2 41 11 8 16 33 17 36 
1 3 21 36 10 31 15 26 27 17 
33 15 36 19 44 22 42 23 24 7 
32 40 46 21 5 20 30 16 4 45 
8 4 16 31 33 33 34 45 0 48 
45 18 29 7 43 15 3 4 20 27 
13 32 40 45 30 41 10 26 7 24 
19 14 11 24 25 1 39 47 48 33 
24 0 7 5 32 38 12 20 22 31 
8 22 34 2 47 2 40 1 12 25 
48 11 22 6 7 27 34 27 18 25 
12 23 16 39 20 16 12 7 38 46 
9 20 12 48 37 44 11 13 42 30 
